eisenfarm:
  ==: org.bukkit.Location
  world: world
  x: 651.550995119526
  y: 80.0
  z: -3140.4876970070527
  pitch: 21.600006
  yaw: 176.10007
loli:
  ==: org.bukkit.Location
  world: world
  x: 651.550995119526
  y: 80.0
  z: -3140.4876970070527
  pitch: 21.600006
  yaw: 176.10007
